6.302381999999999602e-03
1.408047599999999802e-02
1.129464600000000020e-02
4.639325333333332857e-03
8.817263999999998270e-03
1.254900499999999849e-02
9.214899999999999827e-03
2.010731333333333481e-02
1.919108500000000356e-02
8.529543000000000541e-03
6.821143999999999472e-03
1.396769488888889056e-02
1.032136499999999728e-02
1.155414166666666499e-02
1.466195299999999840e-02
1.454843444444444550e-02
1.489982868831168754e-02
3.109190700000000196e-02
1.552084899999999976e-02
1.231949041880341794e-02
1.951512454545454786e-02
6.021127000000000423e-02
1.924838266666666770e-02
2.628111999999999809e-02
1.634688466666666881e-02
2.119875333333333389e-03
1.377277699999999994e-02
6.545174000000000825e-03
6.827499285714285458e-03
1.424390900000000078e-02
6.151903000000001100e-03
1.010124314285714558e-02
1.618810985714285583e-02
1.805618799999999732e-02
2.308164199999999944e-02
1.323095499999999737e-02
2.033458255555555330e-02
9.183038857142857697e-03
1.338055366666666621e-02
2.403279233333333390e-02
3.208131398412698843e-02
2.702111066666666728e-02
2.745001566666666407e-02
2.162564999999999973e-02
2.431087266386555007e-02
3.051695599999999786e-02
3.239302866666666364e-02
9.316366111111109433e-03
8.789623999999999354e-03
8.629284999999998693e-03
1.011644933333333274e-02
1.102805700000000083e-02
6.011206333333332999e-03
2.768684333333333147e-03
4.089881999999999546e-03
7.563002999999998699e-03
1.540501709090908930e-02
2.015890514285714058e-02
1.229944699999999981e-02
9.427836000000001937e-03
1.380402699999999996e-02
8.737785589610390369e-02
1.567542899999999767e-02
1.256414499999999879e-02
9.760171714285715422e-03
1.256649833333333202e-02
3.388049028205128432e-02
6.540615725252525714e-02
5.346490793557422821e-02
1.537144423809523944e-02
1.907154344444444288e-02
9.882184571428571582e-03
8.779063999999999618e-03
8.926980666666665606e-03
1.141555700000000326e-02
1.722303499999999765e-02
6.543983000000000612e-03
2.077549571428571190e-02
1.043196949206349339e-02
3.328792066666666494e-02
1.315860699999999925e-02
8.626644999999998759e-03
1.227638699999999972e-02
2.113510822222222293e-02
2.784122342424242419e-02
1.464938133333333267e-02
9.391784999999999717e-03
2.340615699999999688e-02
2.670721014285714137e-02
2.920468239393939069e-02
3.109305733333333349e-02
2.308613624242424056e-02
2.058945566666666588e-02
5.104165158823529419e-02
4.719810099999999925e-02
2.685077127272727723e-02
1.567222033333333375e-02
7.702393999999998693e-03
7.667600714285714020e-03
1.419162057142857140e-02
1.071660760606060747e-02
3.637798666666666562e-03
1.206942499999999821e-02
1.317301000000000106e-03
1.335618747619047447e-02
2.552944842857142807e-02
2.238659128571428292e-02
1.322083700000000091e-02
1.808450038095237716e-02
3.682651890476190681e-02
1.572713599999999573e-02
3.268396173684210565e-02
1.900474923076923145e-02
1.610522399999999785e-02
1.408598900000000015e-02
1.852779407692307923e-02
2.442846225641025562e-02
3.067824170588235450e-02
3.075271928571428684e-02
2.318322877777777291e-02
5.745884428571428060e-03
2.629419100000000148e-02
1.398596588888888562e-02
2.023069699999999888e-02
2.776604333333332949e-03
9.794424999999998965e-03
7.600675000000000313e-03
1.355908600000000144e-02
1.460358657142857286e-02
2.102389295238095424e-02
3.488069805882353103e-02
1.205868466666666639e-02
1.762179832620321129e-02
1.574826799999999929e-02
1.105240600000000073e-02
1.900018862237762285e-02
1.192810600000000082e-02
1.759578039393939683e-02
8.666564444444446388e-03
1.983867554545454270e-02
2.237397054945055100e-02
2.718384157142857832e-02
3.949311999999999961e-03
1.997843687179487113e-02
2.026516557142856931e-02
1.694658600000000306e-02
4.359977285714285687e-03
2.751643428571428577e-03
1.237936214285714244e-02
9.422065000000000301e-03
8.261543571428570792e-03
1.466247657142857180e-02
1.800979800000000047e-02
7.650316142857142669e-03
3.082189771428571479e-02
1.328173206493506522e-02
2.257418900000000145e-02
1.162717457142857166e-02
1.560350999999999969e-03
8.379554999999998602e-03
1.290830885714285697e-02
1.567750033333333362e-02
1.819161372727273046e-02
9.249831666666666341e-03
2.556322871428571425e-02
1.730620000000000075e-02
3.017781099999999883e-02
2.293620509090909046e-02
1.582180700000000023e-02
1.305045400000000126e-02
4.273849666666666887e-03
9.414403000000001742e-03
1.075320971428571533e-02
9.212540666666664546e-03
1.705807900000000030e-02
7.080270984126984385e-03
4.569843888888889226e-03
1.193817499999999879e-02
2.069509999999999753e-02
1.891889738461538517e-02
2.695346441176470903e-02
8.217611142857142448e-03
8.193012999999998991e-03
1.605284199999999772e-02
8.586013999999999452e-03
8.430177333333333661e-03
3.249606263636363457e-02
2.994247200000000123e-02
3.598794466666666025e-02
1.847879142857142970e-02
1.773721699999999957e-02
1.489338377777777583e-02
2.018134333333333405e-02
1.066150500000000167e-02
6.289624000000000603e-03
1.550648299999999799e-02
1.605402699999999849e-02
6.874999999999999059e-05
8.963923999999999850e-03
7.824379238095237332e-03
1.341426333333333408e-02
1.819543514285714217e-02
3.370720527272726835e-02
3.120025220512820038e-02
1.451456739393939405e-02
1.101366600000000182e-02
1.016392400000000126e-02
2.506626900000000213e-02
2.962125399999999964e-02
1.701178905882352876e-02
2.709639717460317690e-02
4.004129614285714678e-02
2.776068441176470988e-02
3.063710036363636452e-02
6.543870036532507817e-02
2.524697485714285858e-02
1.594395800000000113e-02
2.595900390909090805e-02
1.634848900000000077e-02
3.823072000000000276e-03
1.019680700000000044e-02
6.936983999999999338e-03
8.119579285714285596e-03
2.931393966666667045e-02
2.452954364935064704e-02
2.769244100000000167e-02
3.174700899999999965e-02
2.259726100000000043e-02
1.936906328571428443e-02
1.061824600000000132e-02
2.210618799999999884e-02
1.004171385714285741e-02
1.402445742857142894e-02
2.507307369696969851e-02
2.445710938461538239e-02
4.447797600000000240e-02
3.043525792063492275e-02
5.708008956756757679e-02
3.390603323809524006e-02
2.562256448951048815e-02
2.005297981818181599e-02
1.639781999999999698e-02
inf
4.125933000000000031e-03
1.625161400000000103e-02
1.038602599999999959e-02
1.024223742857142960e-02
2.144029900000000294e-02
2.384053200000000108e-02
8.678605090909091713e-03
2.325568223076923333e-02
2.304153899999999977e-02
1.649584899999999993e-02
1.921940000000000107e-02
7.816680238095239167e-03
4.281449528571427965e-02
9.713666000000001008e-03
9.582051666666665732e-03
1.908051547826087116e-02
1.391559203030303185e-02
1.969039005347593407e-02
2.469443857142857024e-02
4.725562161538461592e-02
9.930993571428571934e-03
5.663211999999999934e-03
inf
9.344358285714286089e-03
6.805177333333333085e-03
8.186014000000000138e-03
5.746622999999999315e-03
4.206261999999999675e-03
2.405850433333333455e-02
1.290353644444444323e-02
3.179440366666667211e-02
3.050661700000000323e-02
1.763502500000000209e-02
2.225384666666666705e-02
2.141746599999999959e-02
2.025359099999999787e-02
1.510742800000000087e-02
1.986202466666666527e-02
1.509346700000000104e-02
2.072033300000000050e-02
3.200052233333333662e-02
3.429510864835164791e-02
5.363256919878296031e-02
1.429209566666666750e-02
2.029995000000000063e-02
6.986763000000000001e-03
2.138134333333333460e-03
3.174520999999999593e-03
4.734823000000000850e-03
1.431477828571428579e-02
1.333144600000000200e-02
1.590658981818181966e-02
1.398475942857142947e-02
2.052017766666666340e-02
3.790269999999999750e-02
1.941961923076923266e-02
3.650563911764705821e-02
3.195078138095237830e-02
1.942490740259740500e-02
1.906430033333333246e-02
2.084582588888889143e-02
1.224640514285714292e-02
1.581506185714285848e-02
3.209386070588235440e-02
2.603055777777778246e-02
2.657264933333333690e-02
2.760783300000000523e-02
1.174657860839161024e-02
9.181147857142857305e-03
2.774819400000000380e-02
1.774964142857142838e-02
5.031962000000000067e-03
3.373215333333333746e-03
1.564661000000000177e-03
1.631101400000000215e-02
1.509610700000000097e-02
2.349293761538461672e-02
2.189414147619047485e-02
2.178219866666666546e-02
2.452394299999999944e-02
1.683057424242424480e-02
2.223174466666666751e-02
1.364119427272727191e-02
1.024320742857142905e-02
1.235511271428571360e-02
1.904009555555555289e-02
2.365340728571428686e-02
3.077711099999999589e-02
2.502405649999999912e-02
4.244724937119675329e-02
1.839134039215686162e-02
1.813466372727273040e-02
2.269511759740260037e-02
1.413646800000000099e-02
4.219048666666665864e-03
1.053650500000000156e-02
1.777102933333333037e-02
9.086983999999999340e-03
1.235607627272727188e-02
3.504440366666666806e-02
2.589159305128204899e-02
1.577066818181818014e-02
2.424768580952380709e-02
1.090454300000000092e-02
1.803398627272727317e-02
1.873286999999999522e-02
1.628412614285714224e-02
1.570437971794871879e-02
1.776758312820513053e-02
1.759264190476190343e-02
2.305648666666666388e-02
3.043664934782609049e-02
5.198950966009852070e-02
9.147719967866882462e-02
3.542790505263158224e-02
2.443621551948051834e-02
3.553745857575757450e-02
1.510990328571428648e-02
2.181670733333333084e-02
1.222519600000000067e-02
9.900232999999997868e-03
6.310314000000000895e-03
1.113122007692307625e-02
1.249340133333333436e-02
2.383811300000000105e-02
2.110668746153846267e-02
9.338185428571428928e-03
1.036005599999999943e-02
1.668409446153846024e-02
1.603585122222222353e-02
1.579547371428571476e-02
2.375109976923077057e-02
2.391261644444444417e-02
2.692144633333333134e-02
2.390378453846153661e-02
3.617906639130434587e-02
5.622097490909092055e-02
4.253961994736842056e-02
3.139606263636363082e-02
1.466455833333333431e-02
1.040553857142857393e-03
6.274042000000000507e-03
7.061541999999999646e-03
3.367935333333333444e-03
1.195964266666666755e-02
1.131652699999999984e-02
8.038343499999999614e-03
1.194249699999999983e-02
2.596927735664335962e-02
2.540931899999999966e-02
2.262227299999999830e-02
1.563847051282051676e-02
2.922562323076922930e-02
1.445957699999999777e-02
3.434141487330316656e-02
3.545861764705882796e-02
4.215944100000000583e-02
2.983777563157894580e-02
4.303552544827586590e-02
3.130653431578947488e-02
5.234110011764706027e-02
3.750000000000000349e-05
2.016942184615384479e-02
9.416563999999998796e-03
1.277161000000000182e-03
1.920910999999999973e-03
1.252470499999999883e-02
8.077123999999998027e-03
3.814403000000000064e-03
1.999727299999999944e-02
1.187654128571428644e-02
1.414372500000000109e-02
1.697951799999999900e-02
2.187009999999999996e-02
1.694455376190476259e-02
1.981131480701754308e-02
2.207082892307692459e-02
9.414684999999999027e-03
1.801431285714286124e-02
2.366121353846153963e-02
2.672986933333333301e-02
2.405277607729468942e-02
4.486220094736842467e-02
3.693769500000000650e-02
3.889014771794872122e-02
1.551559154545454483e-02
1.390284799999999890e-02
9.158529857142857014e-03
1.722325599999999582e-02
4.256961999999999552e-03
6.986206333333333171e-03
1.477013699999999742e-02
2.855770999999999570e-03
6.182188999999999393e-03
5.978452777777778365e-03
1.292080885714285560e-02
2.454743944444444728e-02
1.199496499999999979e-02
4.347319999999998963e-02
1.511721890909091016e-02
1.221310933333333293e-02
2.262227299999999483e-02
2.366642904545454562e-02
3.612021694871794808e-02
4.596160800000000102e-02
3.127047842857142573e-02
1.583949371428571701e-02
2.594648185425101755e-02
2.533020992307691982e-02
2.031025200000000086e-02
2.954239590476190336e-02
1.452160999999999990e-03
1.860692499999999638e-02
1.127281399999999906e-02
1.706327666666666854e-03
4.208488666666666995e-03
2.549742000000000241e-03
1.019658600000000054e-02
1.322110699999999930e-02
1.527285466666666869e-02
1.946941023076922961e-02
2.314336433333333276e-02
1.033819369230769281e-02
2.296482157142857444e-02
4.348142523232323420e-02
2.836890442105263060e-02
4.179750814906832423e-02
3.500476457142857184e-02
4.390702199999999694e-02
2.407499066666667076e-02
4.515487624880382828e-02
1.862739064835165076e-02
2.384059399999999621e-02
1.568047599999999875e-02
1.147539388888888824e-02
1.249999999999999890e-05
6.271700666666667028e-03
5.655291999999999264e-03
1.254710199999999921e-02
3.788211999999999569e-03
8.290373000000000187e-03
1.816397614285714113e-02
1.975209899999999519e-02
1.188710128571428618e-02
1.556798799999999962e-02
2.156913599999999917e-02
1.915017100000000055e-02
2.877875915384615901e-02
1.520842666666666690e-02
1.809969023076923172e-02
1.610653671428571507e-02
2.860457865384615633e-02
1.829258618181818161e-02
1.855428009090909214e-02
2.354146342857142693e-02
4.892950033333334087e-02
1.994591000000000072e-02
4.653212994736842523e-02
1.674855466666666862e-02
1.804823099999999791e-02
1.025250033333333435e-02
5.549263000000000459e-03
1.130718299999999843e-02
1.756987900000000352e-02
1.164037457142857133e-02
1.089170733333333189e-02
8.793983000000000008e-03
1.505811704761904693e-02
1.669599233333333294e-02
1.748852528571428686e-02
1.212467842857142993e-02
1.173125366666666856e-02
1.487271028571428462e-02
5.695653000000000174e-03
8.813924000000000758e-03
4.213768666666666864e-03
1.681169797979797931e-02
2.237350946153845999e-02
1.994061957142857083e-02
4.229636995652174408e-02
2.433353299999999747e-02
3.487336133333333171e-02
3.739589228571428559e-02
1.413382800000000106e-02
1.338736033333333235e-02
1.318148299999999905e-02
2.567301000000000132e-03
5.082039666666667184e-03
1.915631000000000105e-03
9.362210999999998756e-03
1.172861366666666690e-02
1.307278855555555654e-02
1.058747499999999897e-02
1.135790700000000042e-02
1.831316692307692270e-02
3.956147911688311786e-02
2.827993069565217302e-02
2.638089300000000248e-02
1.430596699999999930e-02
4.260559799999999453e-02
2.525761199999999873e-02
5.867782066261809093e-02
4.816393719433198495e-02
6.248880365250965296e-02
2.257503938655462672e-02
1.332236845054945128e-02
7.570874000000000006e-03
5.671131999999999736e-03
1.904801000000000020e-03
1.902161000000000086e-03
6.585792999999999509e-03
3.146132000000000269e-03
1.405670399999999973e-02
1.384588599999999822e-02
2.088093157142857301e-02
3.255448232775919742e-02
4.845154354545454234e-02
4.606500994017094508e-02
5.462905780952380386e-02
3.148272771428570899e-02
1.217375742857142867e-02
4.415172814354066666e-02
2.909172299999999989e-02
2.126513317647058671e-02
4.106112542105262719e-02
5.734584228571429354e-02
4.965626000000000762e-02
5.426754049745331071e-02
3.718173703508771688e-02
2.804416011312216989e-02
1.950439913186813312e-02
3.012314866666666521e-02
2.093097899999999539e-02
1.272062800000000292e-02
2.008528300000000238e-02
4.411050999999999167e-03
4.863211999999999570e-03
3.062242000000000609e-03
1.737794833333333386e-02
3.392694733333333906e-02
2.130059544444444508e-02
1.537694195604395395e-02
1.397606888888888906e-02
3.457702141176470512e-02
4.105375306349206416e-02
4.993389841148325459e-02
3.010253146031745958e-02
3.466765599999999808e-02
1.284618414285714286e-02
3.430501371428571616e-02
3.340514811764706132e-02
3.999886224064171103e-02
2.971015533333333514e-02
1.772805384615384894e-02
3.596974155203620099e-02
1.159563469230769431e-02
2.509985534343434771e-02
6.874999999999999059e-05
7.522102000000000128e-03
inf
4.721623000000000313e-03
5.840450142857143284e-03
1.583725399999999853e-02
1.173291255555555454e-02
1.343479200000000096e-02
1.269767066666666576e-02
2.338029647058823338e-02
5.229902549999999872e-02
4.625490131372549107e-02
7.236854437254902628e-02
2.889758805882353468e-02
1.751430138095238370e-02
3.036660623809523882e-02
4.267651854545454621e-02
1.057947835470383346e-01
6.897472596640827347e-02
5.949270611902114647e-02
5.595843148148148261e-02
2.692942231578947243e-02
1.814777503030302885e-02
1.434457928571428523e-02
3.373215333333333746e-03
2.818491999999999699e-03
inf
6.698849666666666092e-03
1.156679099999999988e-02
2.173495333333333446e-02
2.748991566666666650e-02
2.458718088888889319e-02
2.137047847987616142e-02
1.928516581283422349e-02
2.755850423529411855e-02
3.348247905263157520e-02
5.607448035353534976e-02
5.439767794623655978e-02
5.113398107407407522e-02
4.512918500000000221e-02
5.502943760606059803e-02
7.219613748780487339e-02
1.291790603846153795e-01
6.840695451162789875e-02
3.126838331578947472e-02
8.256268082758620730e-02
8.352261558288770482e-02
4.785174469696969191e-02
1.125714599999999913e-02
1.584286133333333291e-02
2.288929199999999858e-02
2.648185099999999723e-02
5.391154168831168575e-02
6.429411069230769882e-02
6.381814915384616260e-02
9.130002199999999457e-02
1.216089669323671407e-01
1.482954870990274288e-01
8.932842306072874550e-02
1.292451379090908958e-01
7.125438446031745476e-02
5.017909911688311908e-02
5.531982090909090544e-02
7.370148615384615465e-02
1.061064140769230890e-01
1.457444058461538350e-01
1.994820261538461370e-01
1.957070137297297063e-01
3.038820885149343121e-01
1.063356426818181794e-01
6.091042249850149581e-02
3.475000785714284918e-02
6.261910000000000089e-04
8.757146000000000374e-03
2.078958699999999479e-02
2.251429200000000172e-02
4.952313163636363341e-02
5.039698436363636985e-02
4.038438600000000128e-02
5.897886673109243444e-02
7.302253072727273031e-02
8.189235154545454476e-02
7.871279837104072641e-02
7.205491872268907083e-02
inf
2.501191000000000178e-02
4.548334433333333510e-02
5.285596757142857482e-02
9.840190641353382950e-02
1.990932662068965464e-01
2.229294468250930250e-01
3.295317254894234438e-01
2.364912504429852180e-01
9.872534144272446244e-02
2.178393433333333101e-02
2.001429199999999950e-02
1.386250366666666629e-02
1.532083699999999861e-02
2.251429199999999825e-02
2.986161500000000107e-02
4.204009088888888135e-02
4.558751099999999723e-02
1.048620176374268909e-01
3.076905599999999949e-02
5.360398344444444740e-02
8.007769900000000218e-02
9.932987136601306721e-02
8.124841423626373571e-02
8.012695599999999918e-02
9.954637463398693931e-02
8.756899783333334242e-02
9.580292849999999527e-02
1.301090403529411854e-01
2.074866386549708008e-01
1.942602628831519018e-01
2.234346067361419053e-01
1.131150051787439825e-01
5.573648757575757479e-02
2.235685100000000050e-02
8.754763999999999949e-03
8.754763999999999949e-03
6.254763999999999463e-03
2.502382000000000044e-03
2.676667400000000072e-02
4.116102185714284878e-02
5.448053257575757174e-02
4.255343466666667435e-02
3.341310414285714181e-02
5.904260281818182743e-02
9.611965765550239960e-02
9.986788542857143181e-02
1.003626203426573466e-01
4.415065688888888951e-02
5.378727913131313432e-02
6.956730417948717160e-02
5.628573000000000603e-02
1.264359378746867102e-01
1.192999237272727442e-01
8.671944946153846423e-02
1.253817884377104452e-01
1.050320228571428732e-01
4.878096600000000199e-02
2.450952799999999918e-02
inf
1.688571900000000042e-02
1.250595499999999916e-02
1.688214599999999718e-02
1.917619466666666689e-02
2.814286500000000302e-02
4.812005277777776924e-02
1.886690173743842402e-01
7.388573471428572237e-02
5.292223688888888361e-02
9.549933749122807569e-02
1.166006277142857261e-01
7.754287599999999669e-02
4.977590228571428244e-02
4.136876100000000389e-02
5.496042871428571258e-02
1.175836353246753202e-01
1.494692853174602876e-01
2.162636131302211329e-01
1.433901792996633007e-01
9.265644927777777484e-02
6.382009409090907970e-02
2.084524333333333257e-02
1.917619466666666689e-02
4.691072999999999597e-03
6.255955000000000543e-03
2.373185099999999825e-02
inf
1.876190999999999970e-02
6.793275171428571346e-02
8.398853792997199030e-02
8.550835533333334126e-02
4.421251099999998907e-02
3.564762900000000012e-02
7.509677314102564116e-02
6.886534969985569354e-02
4.811876099999999601e-02
4.786191733333333698e-02
7.458089735714286406e-02
9.380954999999999155e-02
1.067625164334365384e-01
1.196248782443064262e-01
1.771008379374133801e-01
3.129699638347578361e-01
2.077871806747967343e-01
2.110446900000000070e-02
2.777589966666666604e-02
2.776667400000000160e-02
5.628572999999999563e-03
2.371339966666666590e-02
1.605000366666666650e-02
inf
1.896667033333333113e-02
3.135476871428571205e-02
6.081149364957265380e-02
7.313486804273502950e-02
1.170075791908831708e-01
1.244207112631579015e-01
1.573471942556942116e-01
1.122738409523809516e-01
1.743524807875417304e-01
8.496874772222220984e-02
1.089080640000000127e-01
9.400304845201237769e-02
7.261747172727273103e-02
9.364904527450980398e-02
2.043935036405228889e-01
1.828147968294930870e-01
1.718044582489924033e-01
7.138902984615384806e-02
1.060307482875817026e-01
3.117857928571428697e-02
inf
2.121101766666666499e-02
5.628572999999999563e-03
4.099137899999999446e-02
5.086191733333333270e-02
6.680001676190476523e-02
4.534857355555556302e-02
6.102072904273504739e-02
7.751093763636363043e-02
9.005716800000000688e-02
1.008995200588235497e-01
1.108236059542483665e-01
1.126912370909091132e-01
1.280545877592968174e-01
1.148607446666666809e-01
1.463000398095238297e-01
1.823859699554079561e-01
1.352619932169059069e-01
1.571822721167108750e-01
1.699443269909255982e-01
1.156318366060606062e-01
1.159137192857143117e-01
4.057188600000000145e-02
inf
1.860208699999999632e-02
inf
2.813929199999999978e-02
6.296935728571428914e-02
5.426655384615383659e-02
1.470954667741935507e-01
1.764085809841269836e-01
1.238875329999999803e-01
1.368778629999999885e-01
1.040730755853269685e-01
1.771681687258839788e-01
2.174447221815661579e-01
1.036428076315789593e-01
1.181771530579710100e-01
1.025500219999999907e-01
7.973970244444444910e-02
1.017253253809523722e-01
7.207254528205128685e-02
4.698572633333333165e-02
4.638394166666666429e-02
2.798661499999999941e-02
7.221251100000000700e-02
4.033632000000000190e-02
4.700536866666667202e-02
inf
1.954316000000000039e-02
2.522143433333333407e-02
6.040174836363637612e-02
1.296915539999999867e-01
1.138194009444444543e-01
1.420539419259259362e-01
1.175714600000000026e-01
9.337095350877192002e-02
6.379049400000000314e-02
6.784064228571429211e-02
4.052501099999999967e-02
2.251429199999999825e-02
3.376905599999999869e-02
3.710238933333333267e-02
4.916171944444444608e-02
5.290897931313130742e-02
5.210358557142857200e-02
6.930281788235294338e-02
5.671635718181818053e-02
1.547946899999999917e-02
1.250595500000000262e-02
1.532083699999999687e-02
8.754763999999999949e-03
1.688214599999999718e-02
2.138571899999999748e-02
3.214822319047619392e-02
4.812005277777776924e-02
9.028793723076924960e-02
6.493751833333333279e-02
4.012917766666666830e-02
4.201280914285714096e-02
1.688214599999999718e-02
2.121101766666666499e-02
2.292976766666666305e-02
inf
3.468215228571428638e-02
4.485953533333333215e-02
3.683512899999999424e-02
5.458453742857142382e-02
5.560391181818181983e-02
5.680656333333333058e-02
8.092938427025914150e-02
7.015596861904761783e-02
inf
5.628572999999999563e-03
6.261910000000000089e-04
inf
8.754763999999999949e-03
2.480000366666666387e-02
3.242857928571428461e-02
2.297708699999999674e-02
2.539167399999999949e-02
4.018909411111111496e-02
4.254375942857142878e-02
5.720142054545454546e-02
4.471880955555555121e-02
2.013929200000000308e-02
1.625952799999999879e-02
3.340714914285713988e-02
2.194821899999999798e-02
9.106786866666666258e-02
9.475491697101448563e-02
9.853172314285714439e-02
1.132295395448916220e-01
1.078745709340659387e-01
4.873952878787878029e-02
3.593036709523809991e-02
inf
inf
inf
inf
2.793334066666666379e-02
4.673423300000000002e-02
4.461548771428571619e-02
3.168572266666666581e-02
6.021993018181818341e-02
8.317250203921569551e-02
1.118073721746031673e-01
7.263087255555555899e-02
4.007580517460317127e-02
3.472500733333333534e-02
4.598334433333333554e-02
2.986161499999999761e-02
1.288952731904762228e-01
9.658417850000000637e-02
5.948670732478632261e-02
5.975127487179486552e-02
6.491668238095238408e-02
3.251905599999999757e-02
inf
inf
inf
9.380955000000001584e-03
4.201280914285714096e-02
4.692887899999999973e-02
4.990358400000000083e-02
3.722620095238095284e-02
6.833096966666667160e-02
6.420596966666666794e-02
8.184689700000000179e-02
8.980671707546047933e-02
1.183243009090909070e-01
1.064536929040247742e-01
1.018884476114499393e-01
1.045949024906832198e-01
1.003540515652173865e-01
1.039706621587301733e-01
1.436286653639371469e-01
1.941582320709534515e-01
4.070328533333332499e-02
7.846251099999999867e-02
3.189524700000000157e-02
7.507145999999999264e-03
5.628572999999999563e-03
inf
inf
4.376191000000000109e-02
inf
2.213929200000000139e-02
5.696826444444444415e-02
4.631429828571428237e-02
7.545972791208790942e-02
5.723043061538461707e-02
6.402660511111110675e-02
7.830075942959002777e-02
4.583154267676767951e-02
5.712471599999999899e-02
3.432381842857143428e-02
4.246251099999999445e-02
1.082018129523809463e-01
1.022801574999999963e-01
1.735091349090909230e-01
8.674413332330827009e-02
9.354147974089069284e-02
5.461092788888888272e-02
9.382146000000000929e-03
8.754763999999999949e-03
8.754763999999999949e-03
inf
inf
4.466989736363635721e-02
3.367857928571428572e-02
5.071040218181818715e-02
4.839287023809524246e-02
3.564762900000000012e-02
4.968556609090909321e-02
inf
4.158751099999999368e-02
6.030358714285714156e-02
9.664615399999999801e-02
1.234132333291925315e-01
1.803440563300492683e-01
1.194872922923976566e-01
1.300532334523809563e-01
5.482814410223217916e-01
1.652944631724138080e-01
4.886303670707070612e-02
5.152125227272727481e-02
1.876190999999999970e-02
7.818455000000000196e-03
3.038571899999999854e-02
4.945563818181818172e-02
4.673334433333332927e-02
3.801489142857142345e-02
5.782880254545454124e-02
3.250238985714286322e-02
1.298161606363636422e-01
1.272749417379679115e-01
2.138632616060606173e-01
1.092388451228070156e-01
6.027739823809524083e-02
6.346536755344656111e-02
5.880775433333333690e-02
8.106258327450982515e-02
4.862620409523810139e-02
1.257000329999999888e-01
9.008844453246753203e-02
7.342144900000001362e-02
9.695893799999999452e-02
inf
2.980714966666666785e-02
6.261910000000000089e-04
inf
8.132145999999999819e-03
2.701429199999999878e-02
2.439048300000000100e-02
4.002382000000000162e-02
inf
5.701251466666666656e-02
5.916213587878789426e-02
7.375180614285714586e-02
1.332153489346405428e-01
1.904347936883116765e-01
9.882591642857142811e-02
1.163238420000000106e-01
1.040335628043478206e-01
1.950552045828437553e-01
1.781032018181818166e-01
2.582785123957311857e-01
2.542454128039215999e-01
8.209882942857142651e-02
5.410886154545455073e-02
inf
1.563095499999999846e-02
2.147024333333333312e-02
inf
inf
inf
2.980714966666666785e-02
2.670417399999999719e-02
4.878096600000000199e-02
5.026191523809523526e-02
3.109048457142857269e-02
4.501925755555555991e-02
7.241189339366516098e-02
4.125526788888888435e-02
4.415065688888888951e-02
6.848929933333333664e-02
5.548056172727272584e-02
6.134495671428571995e-02
1.126071265080091366e-01
8.584575238655461904e-02
2.004311300098522430e-01
1.441846612673796657e-01
3.779802477777777919e-02
2.026071899999999995e-02
inf
inf
inf
1.824107666666666822e-02
5.401707711111111698e-02
4.366578585714286226e-02
4.335953533333333082e-02
1.125714599999999913e-02
6.137144533333332985e-02
7.688223197402596631e-02
8.592233949913245794e-02
5.919986742857143158e-02
1.010995123529411788e-01
5.728123918181818319e-02
4.269604379365078695e-02
6.457808141258741808e-02
9.966815772222220593e-02
1.301300644565217268e-01
1.158289915797101471e-01
3.101905599999999971e-02
3.528572214285714131e-02
9.852086999999998956e-03
inf
7.297621666666666979e-03
2.063810099999999897e-02
6.443840700000000310e-02
4.423051800000000339e-02
6.214207711111111032e-02
4.921072842857143748e-02
9.100933145454545570e-02
6.117580988888889071e-02
6.628573000000000104e-02
8.108930666666666620e-02
7.627690489915966987e-02
8.848225905128204172e-02
1.769019946709956548e-01
1.396686519230769252e-01
1.412657584588744575e-01
9.449054988888890005e-02
1.253509492747252596e-01
8.800875320634921062e-02
1.188214599999999968e-02
inf
6.261910000000000089e-04
inf
inf
1.750952799999999990e-02
2.501429200000000047e-02
4.249896933333333765e-02
2.407560099999999509e-02
4.149445596825396265e-02
4.755342009090908484e-02
4.158751099999999368e-02
inf
7.929229240641710863e-02
inf
5.071548980952381158e-02
2.006518433333333296e-02
4.502858400000000344e-02
6.360180299999999842e-02
1.098911567372459208e-01
4.997533881818181506e-02
8.766260557013574872e-02
7.509836257516339098e-02
8.754763999999999949e-03
inf
inf
2.865893433333333018e-02
9.380954999999999849e-03
2.547381633333333645e-02
2.444375733333332967e-02
4.874660190909090723e-02
4.565358400000000400e-02
2.642173299999999933e-02
5.628573000000000430e-03
3.966667714285714713e-02
inf
inf
4.334961469841269732e-02
inf
8.035067030303030822e-02
7.164625230769230968e-02
6.428087861538461789e-02
1.406964599999999815e-02
inf
inf
2.251429199999999825e-02
2.247143433333333162e-02
4.304584433333333293e-02
2.885715071428571546e-02
5.048899700000000074e-02
3.653825399999999918e-02
2.989167400000000002e-02
5.106797741558441461e-02
1.876190999999999970e-02
3.556473999999999747e-02
6.080933139860139613e-02
1.517458747142857167e-01
1.389819289115442058e-01
1.533838086623376396e-01
1.209605941367521420e-01
1.031905050000000018e-01
2.188333699999999923e-02
inf
6.261910000000000089e-04
2.357798300000000027e-02
3.377143800000000085e-02
4.427620200000000061e-02
3.064286499999999830e-02
4.345874168253968661e-02
4.360874220634920750e-02
3.093334066666666993e-02
5.926192047619047859e-02
2.845417399999999875e-02
2.648185099999999723e-02
5.858941589743589529e-02
5.687398390909090967e-02
6.312986971794871949e-02
6.481212861538461489e-02
1.130236405942684763e-01
5.729019428571428124e-02
8.582074725563909601e-02
6.863662600000000613e-02
inf
inf
3.035000733333333492e-02
9.380954999999999849e-03
5.314524699999999269e-02
2.835238933333333877e-02
3.958230266666666608e-02
3.173542399999999819e-02
3.992302477777778108e-02
inf
3.353959223809523799e-02
4.454911500000000024e-02
4.149445596825396959e-02
6.627381999999999718e-02
1.092214568571428512e-01
7.696728285714285467e-02
7.789947566433566561e-02
8.605119115384615713e-02
6.039749792307692877e-02
2.785685099999999845e-02
6.261910000000000089e-04
1.922946899999999903e-02
2.970536499999999747e-02
2.063810099999999897e-02
3.377143800000000085e-02
4.235313599999999956e-02
8.080160825396826008e-02
3.470893800000000168e-02
7.122799400000000281e-02
8.788029954545455158e-02
8.658075351127819674e-02
7.859877636363636622e-02
6.205629015151515465e-02
3.365027194482758666e-01
2.004782783496503462e-01
2.440442640000000107e-01
1.672284962191323832e-01
8.001291777777777559e-02
3.802887585714286034e-02
2.363571899999999948e-02
2.861161499999999996e-02
3.316191314285713704e-02
4.454996244444445197e-02
9.241375115686274733e-02
5.421604030769230226e-02
1.469346957575757284e-01
1.319747783913043648e-01
1.184727602727272677e-01
1.174365192843524891e-01
1.012825832272727239e-01
1.178882829937888399e-01
1.734930188854282851e-01
1.594762350000000217e-01
2.318430312657807357e-01
1.923295273149001616e-01
1.719644416060606140e-01
1.587420348181818319e-01
1.201048328128078851e-01
6.597262905594405979e-02
2.439048299999999753e-02
7.504763999999999706e-03
inf
inf
1.641458699999999785e-02
5.440834799999999527e-02
6.055499353846154065e-02
5.558623261538461063e-02
5.845548160606060806e-02
8.634052789204912925e-02
5.273453533333332527e-02
6.137679566666666420e-02
6.858133753846154534e-02
1.029377476470588193e-01
6.449882733333334173e-02
7.720386815384616686e-02
1.074751555959596039e-01
1.000055410225563907e-01
9.634980349999999749e-02
1.127027997414187799e-01
9.135863858823531358e-02
2.582917399999999988e-02
2.188929199999999770e-02
inf
inf
inf
3.322098999999999885e-02
5.592144114285714507e-02
3.514167399999999775e-02
3.522352185714285044e-02
inf
inf
6.965331081818181003e-02
3.012441366666666551e-02
5.440715700000000460e-02
8.267727875702075846e-02
1.296924062727272675e-01
8.538970558730157867e-02
5.169525066666666446e-02
4.575358347619046945e-02
4.080268799999998974e-02
2.814167399999999847e-02
4.821786919047618691e-02
3.451429200000000197e-02
4.303750733333332190e-02
1.063214600000000030e-02
1.876190999999999970e-02
5.480953166666666099e-02
1.823185100000000031e-02
2.110446900000000070e-02
2.976667399999999991e-02
4.618691628571428703e-02
4.465001099999999640e-02
2.582917399999999988e-02
5.126007436363635983e-02
4.243334328571428393e-02
1.750952799999999990e-02
3.068572266666666493e-02
6.564801148251749041e-02
8.988573733333332649e-02
4.406667766666666486e-02
inf
5.295829336363636064e-02
5.648789345454545419e-02
8.227428670588235460e-02
4.999971599999999960e-02
inf
inf
inf
1.146428833333333272e-02
1.928274333333333118e-02
2.814286499999999955e-02
4.400437660317460531e-02
3.209048457142857358e-02
3.692858190476190627e-02
3.399832344444443655e-02
3.712723999999999192e-02
2.376429199999999936e-02
5.032903200000000965e-02
7.210899269230769404e-02
9.521650701357467494e-02
1.050255911739130382e-01
5.556603303030303170e-02
7.817264000000001545e-02
9.019687388235292369e-02
4.103066628571428592e-02
inf
6.261910000000000089e-04
7.818455000000000196e-03
2.917619466666666883e-02
2.155476766666666530e-02
3.085238933333333405e-02
1.625714600000000010e-02
8.736897594871795292e-02
3.564762900000000012e-02
2.892411499999999677e-02
7.855714966666665910e-02
1.454196900000000008e-02
3.009048457142857180e-02
5.274286971428571863e-02
8.721748441269841501e-02
1.125714599999999843e-01
1.395793198974358829e-01
9.797264366666665059e-02
7.937817353246753860e-02
2.670417399999999719e-02
1.125714599999999913e-02
2.655714966666666843e-02
inf
inf
inf
3.753572999999999632e-03
2.501190999999999831e-02
2.502382000000000044e-03
3.846251099999999784e-02
4.881267490909090706e-02
3.940001099999999867e-02
4.571310780952381192e-02
3.439286499999999469e-02
1.876071900000000209e-02
6.437662089743589888e-02
3.597749011111110728e-02
4.885975283116883450e-02
7.632859028571430116e-02
2.216036327142857365e-01
1.624850272564102582e-01
3.491446586940298302e-01
1.010703563846153813e-01
1.438049843406593586e-01
5.836906333333333197e-02
3.418572266666666803e-02
4.691072999999999597e-03
6.261910000000000089e-04
6.261910000000000089e-04
inf
2.588571900000000148e-02
3.720774699999999935e-02
3.461518799999999813e-02
6.429590263636364433e-02
3.189524700000000157e-02
5.472084799999998861e-02
5.337469415384615140e-02
4.455001152380952401e-02
7.021832399999999863e-02
4.299495200000000295e-02
4.768602499999999994e-02
5.863870566666666562e-02
4.474961522222222626e-02
1.318305290909090877e-01
2.144071154634146215e-01
1.438072502199413683e-01
9.643921200466200327e-02
5.859247655555555739e-02
2.351429199999999914e-02
1.386250366666666456e-02
3.126786499999999885e-02
1.459167033333333245e-02
inf
1.500952799999999941e-02
2.539167399999999949e-02
3.534837199999999596e-02
5.691971163636364017e-02
4.264539685714285877e-02
5.501905599999999674e-02
6.438489959440560351e-02
8.567740400000001255e-02
4.111876099999999673e-02
8.165485445658263175e-02
8.305002200000000112e-02
6.050929861538461435e-02
1.436161107142857329e-01
9.568574099999999083e-02
1.566184076090225419e-01
1.453551794545454579e-01
1.390550090774410608e-01
1.014624285555555672e-01
2.138571899999999748e-02
2.407560099999999856e-02
2.063691000000000136e-02
inf
inf
1.782321900000000126e-02
inf
5.081056609090908727e-02
5.651097885858586550e-02
5.816192100000000531e-02
6.405001414285714512e-02
7.842447565384616515e-02
7.288781699999999364e-02
6.043475753846153792e-02
7.563911147058824391e-02
5.627858400000000649e-02
6.968253945454544462e-02
7.822959656410256868e-02
8.104287600000001368e-02
1.374965644444444413e-01
9.965379048252342997e-02
7.347918500000000241e-02
7.728990242857143589e-02
5.811995199999998862e-02
1.917619466666666689e-02
inf
inf
inf
2.439048300000000447e-02
4.552501099999999717e-02
2.476429200000000025e-02
4.275308744444444864e-02
3.722620095238095284e-02
3.908632000000000078e-02
6.232871029059829093e-02
3.210238933333332823e-02
3.505744938095237129e-02
inf
4.111876099999999673e-02
5.314524699999999963e-02
6.177931609090909354e-02
1.177722866225296428e-01
1.627553597884615344e-01
1.750174851652661068e-01
8.710716642857142811e-02
8.442859499999999517e-02
3.713810099999999975e-02
1.252382000000000018e-03
7.504763999999999706e-03
2.450952799999999918e-02
3.432381842857143428e-02
5.106754503896103470e-02
3.207143642857143012e-02
4.610001257142857384e-02
5.173528200000000049e-02
6.038481372527473162e-02
9.500960463636362596e-02
1.500952800000000115e-02
4.157798823809524119e-02
9.251669233333333076e-02
1.288662521988304110e-01
1.999333878095237993e-01
1.749628394634580864e-01
1.842844459189189321e-01
1.395994895217391452e-01
7.268324501298700779e-02
4.431473999999999136e-02
inf
1.125714599999999913e-02
4.104063599999999840e-02
3.520080255555554927e-02
3.101905599999999624e-02
4.513384088888888757e-02
4.878096600000000893e-02
4.182183692063491665e-02
7.182228776470589438e-02
5.372176581818181862e-02
4.479525014285714452e-02
6.454928363736263386e-02
3.220417400000000208e-02
8.541698733333333293e-02
1.433053989431438136e-01
1.934964820000000252e-01
1.409194808355437867e-01
1.423354234074074021e-01
8.723222856140350201e-02
7.871348353846155388e-02
3.338097333333333531e-03
6.261910000000000089e-04
inf
inf
2.960000733333333078e-02
4.318592422222222726e-02
4.975368960606060126e-02
5.912902109090908964e-02
8.274636963157894209e-02
8.463855274358975112e-02
9.519843888888887551e-02
5.649406333333333724e-02
3.946350044444443816e-02
4.049658733333333371e-02
4.933983993506492471e-02
8.739093109090909084e-02
1.280700620588235417e-01
1.457020727988765918e-01
1.953445260827526286e-01
1.840761999055258169e-01
1.407228487741935541e-01
1.290272902105263075e-01
9.670588958741259400e-02
inf
inf
1.860208699999999632e-02
2.209286133333333152e-02
3.045952957142856327e-02
5.649406333333333724e-02
9.036510031746031180e-02
6.802451655639096817e-02
1.100136802727272739e-01
1.086181102142857180e-01
8.703146988888887936e-02
1.181321753333333391e-01
8.842253652941176045e-02
8.487034178787879191e-02
1.304155378321678327e-01
8.630478600000000833e-02
6.787703246153846404e-02
1.236686132418300665e-01
1.787727474904214631e-01
1.596152920227272842e-01
1.088190779999999996e-01
6.822469886813187223e-02
5.221559855844155190e-02
inf
4.260357771428571749e-02
1.125714599999999913e-02
5.628572999999999563e-03
4.033393799999999974e-02
4.863468571428571086e-02
6.374508801709402595e-02
8.240081193048129360e-02
8.534935392857143088e-02
5.882431416239315702e-02
9.968409626315788419e-02
8.279505105882353777e-02
9.958846172727273127e-02
6.014910048717948821e-02
8.669507851648353136e-02
8.769139366666667268e-02
1.523866172118226725e-01
1.510053807467218734e-01
8.769139366666667268e-02
8.515537966666666958e-02
4.878096600000000893e-02
5.419763266666666884e-02
inf
5.628572999999999563e-03
1.563214599999999954e-02
inf
inf
2.292976766666666305e-02
3.273334171428571304e-02
4.534286919047619130e-02
6.162541358730159319e-02
4.808453742857143193e-02
4.918721599999999888e-02
7.216484676470587278e-02
2.439048299999999753e-02
4.597411866666666763e-02
3.618215228571428771e-02
6.379049400000000314e-02
9.116130017647058881e-02
4.502858400000000344e-02
8.630478600000000833e-02
4.855527155555555696e-02
1.028611890000000195e-01
7.214782210256411032e-02
5.044289781818181440e-02
inf
3.967664685714285266e-02
inf
inf
7.818455000000000196e-03
1.021667033333333377e-02
2.371339966666666590e-02
3.846132000000000023e-02
3.115625785714285639e-02
5.921667819047618520e-02
3.831747079365079717e-02
3.811905809523809252e-02
6.008294855555555702e-02
7.208692466666666299e-02
5.855333514141413537e-02
2.394286342857142660e-02
5.021370199999999201e-02
5.724488646153846200e-02
8.273752199999999390e-02
7.644912600000000613e-02
9.605716799999999833e-02
8.653868142735042512e-02
8.538758884491978729e-02
6.981088300000000413e-02
inf
inf
6.254763999999999463e-03
inf
2.292619466666666328e-02
2.613929199999999800e-02
2.063810099999999897e-02
3.712723999999999192e-02
3.101905599999999971e-02
3.568572266666666937e-02
4.541132157142857562e-02
5.568572790476190165e-02
4.968255277777777756e-02
4.760179776190476275e-02
3.846132000000000023e-02
5.758380692307692172e-02
4.530864299999999567e-02
6.882611828205127680e-02
9.291431085714285665e-02
1.267697997056277115e-01
6.874882733333334550e-02
9.060896153801167863e-02
2.777589966666666257e-02
inf
3.001905599999999535e-02
inf
6.261910000000000089e-04
9.382146000000000929e-03
3.064167400000000069e-02
2.439048299999999753e-02
4.985616388888888806e-02
4.610953533333332632e-02
4.078513057142857390e-02
9.192868950877193523e-02
2.155724462129202657e-01
1.200667397272727338e-01
1.290160529350649343e-01
4.551578533333333620e-02
1.500952800000000115e-02
4.079346233333333571e-02
6.773652469841269508e-02
6.042233766666666589e-02
4.674614300000000389e-02
2.201292118648648932e-01
5.711771051948051625e-02
4.437382209523809545e-02
2.178393433333333101e-02
3.009048457142857180e-02
1.688214599999999718e-02
inf
1.406845500000000054e-02
2.063691000000000136e-02
1.735446900000000084e-02
3.410878866666666731e-02
4.869525066666666874e-02
6.264922311111111031e-02
7.129525800000000024e-02
7.530405025641026540e-02
8.326012458823528473e-02
7.703930300000000342e-02
6.247563384615384408e-02
7.906618083766234206e-02
7.880002200000001122e-02
1.520199988317298689e-01
1.016924652605042112e-01
1.867597716911197081e-01
1.179087362148337481e-01
1.125714599999999982e-01
1.117522620000000050e-01
2.560923300000000208e-02
3.684881633333333267e-02
1.125714599999999913e-02
inf
inf
6.671430666666666211e-03
1.146428833333333445e-02
2.304435099999999764e-02
3.115625785714285292e-02
4.193850253968253033e-02
6.475685107692308318e-02
5.884254818181818697e-02
1.581144059953916992e-01
1.177277099999999854e-01
1.045739621538461783e-01
1.100345191764705854e-01
9.202145371428571696e-02
9.800214097832816995e-02
4.841985488888889133e-02
1.054985141818182010e-01
1.043314018823529449e-01
1.182809127070707234e-01
8.930002200000000667e-02
1.002554904705882377e-01
3.940001099999999867e-02
5.471251099999999840e-02
1.688571900000000042e-02
inf
1.094345500000000124e-02
1.094345500000000124e-02
inf
3.765045533333333250e-02
3.644762742857143162e-02
8.218016539215686200e-02
6.561622607692307874e-02
7.400736065079364934e-02
9.494213092982456415e-02
6.308216066666666455e-02
1.049470886806722625e-01
9.346510241269842534e-02
8.103723790909091174e-02
9.643921200466201715e-02
7.948280169230767522e-02
5.924168133333334446e-02
9.582469889610389924e-02
7.962651700534759125e-02
6.390148248717947288e-02
4.511906071428571641e-02
1.750952799999999990e-02
1.146428833333333272e-02
2.439048300000000100e-02
inf
1.125714599999999913e-02
1.782321900000000126e-02
2.926429199999999731e-02
4.049376100000000311e-02
5.977650433333334123e-02
4.002382000000000162e-02
4.116102185714285572e-02
3.366608033333333416e-02
7.434882942857141963e-02
5.516474733333333325e-02
4.993394271428571590e-02
3.475700400000000106e-02
4.377382000000000495e-02
4.938493373015873100e-02
6.122680299999999631e-02
5.102501361904762667e-02
6.191430300000000386e-02
1.113657235454545424e-01
6.587707615384615079e-02
4.603671944444444331e-02
inf
inf
2.502382000000000044e-03
2.593810204761904520e-02
2.845417399999999528e-02
3.940001099999999867e-02
6.961429933333333764e-02
3.984524857142857091e-02
4.165814644444444659e-02
5.023929933333332737e-02
5.389882261904761773e-02
5.949265745454546117e-02
3.691652466666666549e-02
5.617474151282051548e-02
3.316191314285714398e-02
2.063810099999999897e-02
4.673116388888888528e-02
6.334218761538462639e-02
6.503007733333333873e-02
9.929762753055716706e-02
9.259682667320261185e-02
4.471370200000000100e-02
4.972620095238095006e-02
2.502382000000000044e-03
2.872381633333333240e-02
inf
7.297621666666666979e-03
7.504763999999999706e-03
inf
2.963571899999999787e-02
5.864747914285714514e-02
3.630268799999999269e-02
4.223969458730159054e-02
5.528093323076924137e-02
7.795752853846155128e-02
8.666290505882351392e-02
7.575737921212122306e-02
5.767411499999999802e-02
6.338305299999999476e-02
4.184911866666666397e-02
4.315239299999999723e-02
5.864629600000000054e-02
1.005886948049535545e-01
8.536609500000000295e-02
5.481231677777777256e-02
4.585953533333333304e-02
1.750952799999999990e-02
2.426429200000000327e-02
2.363333699999999732e-02
inf
inf
inf
3.876191000000000358e-02
3.001905600000000229e-02
4.672836545454545076e-02
5.545001466666667211e-02
4.085834433333333099e-02
5.614445911111110715e-02
6.070001466666666984e-02
7.163771622222221691e-02
4.902858400000000005e-02
5.340259455555555757e-02
2.655714966666666496e-02
4.974822790476190332e-02
9.297214775708501078e-02
6.754010062937063075e-02
8.048271430769229906e-02
1.301502078251748074e-01
8.990970605194804899e-02
4.059554566666666309e-02
2.903572214285714270e-02
2.520298300000000172e-02
inf
1.203958699999999916e-02
1.252382000000000018e-03
8.754763999999999949e-03
2.201310100000000020e-02
3.725268433333332740e-02
3.715556550793650686e-02
3.049524647619047610e-02
6.519806766233765538e-02
9.376235205555555341e-02
5.384921944444444331e-02
4.826350411111111904e-02
1.195530086666666547e-01
1.098758245555555429e-01
6.637691227272726757e-02
7.188305300000000231e-02
3.785625942857142462e-02
4.980131127272727221e-02
1.022305827936507983e-01
1.953779806143072784e-01
1.098005073208556254e-01
2.783036499999999927e-02
8.810219984210526656e-02
3.359048457142856797e-02
2.338810099999999795e-02
1.500952800000000115e-02
2.502382000000000044e-03
inf
2.439048299999999753e-02
3.960715333333333921e-02
6.870154076923076780e-02
7.410002042857143090e-02
9.605716800000001221e-02
1.724816753469785580e-01
8.220576534453781503e-02
9.439004535603714996e-02
1.111962880217391425e-01
1.090612612173913060e-01
8.337144533333333551e-02
6.283334904761904427e-02
1.218894654285714307e-01
9.005716799999999300e-02
1.647571826666666683e-01
8.891535200000000305e-02
6.257620828571427984e-02
4.127620199999999795e-02
4.641943845454546413e-02
inf
1.605000366666666650e-02
2.251429199999999825e-02
1.094345500000000124e-02
6.077143800000000401e-02
3.986399699999999824e-02
4.631429828571428237e-02
5.285152981818182216e-02
5.203096600000000488e-02
7.342199687912087658e-02
8.582074725563909601e-02
1.344286544065934064e-01
9.061728600000001910e-02
9.496430928571428232e-02
8.370384223351159947e-02
3.908632000000000078e-02
8.990835847619046972e-02
7.577622841176470669e-02
6.853126833333333945e-02
8.557999608403361880e-02
3.516429514285714097e-02
1.252829329230769340e-01
5.570418185714286208e-02
5.002977499999999855e-02
2.357798300000000374e-02
inf
1.125714599999999913e-02
1.417619466666666765e-02
1.500952799999999941e-02
2.313929200000000228e-02
2.844762742857142798e-02
3.543453166666666460e-02
5.156117485714285104e-02
4.059921682539682775e-02
6.791027474358973803e-02
8.051877200000000234e-02
8.980856659090910576e-02
7.853079123076922574e-02
4.248334433333333937e-02
3.282917399999999569e-02
6.217858714285714322e-02
3.001905600000000229e-02
8.397400581818181831e-02
6.653607602564103052e-02
1.487128389999999856e-01
7.418009641176470659e-02
4.315239300000001110e-02
3.670318455555555970e-02
1.834286133333333513e-02
inf
8.754763999999999949e-03
inf
1.146428833333333272e-02
3.992302477777777414e-02
2.303631633333333428e-02
4.040318612698412526e-02
5.090120199999999956e-02
5.223731520634920106e-02
7.911252200000000456e-02
7.141489457142856379e-02
6.909007879720278911e-02
4.577263161904761984e-02
3.430715228571428604e-02
8.851632446153846756e-02
4.828770888888889168e-02
1.132106645454545590e-01
5.461668133333333341e-02
1.177312829999999921e-01
1.174618820779220751e-01
inf
inf
3.559286657142857191e-02
1.980357666666666266e-02
inf
1.094345500000000124e-02
7.507145999999999264e-03
6.387920681818182178e-02
3.009599000000000302e-02
2.868572266666666315e-02
6.118096914285714449e-02
6.319027178787878229e-02
7.034822999999999771e-02
5.751679060606060961e-02
8.088097333333332806e-02
7.055974351448551785e-02
7.954734290476189740e-02
3.856548666666666930e-02
6.486042406993007547e-02
4.563414060317461107e-02
3.159048457142857314e-02
1.986341041871345359e-01
1.145264378311688369e-01
8.268085744343892096e-02
9.964323135913312479e-02
1.876190999999999970e-02
3.053750733333333162e-02
7.504763999999999706e-03
1.094345500000000124e-02
5.628572999999999563e-03
1.094345500000000124e-02
2.912143485714285482e-02
3.377143800000000085e-02
4.651414999999999023e-02
6.324472254545454586e-02
6.001965804761904416e-02
7.559942099999999998e-02
7.268156857142857308e-02
6.449882733333334173e-02
7.706462770329669532e-02
2.903572214285714270e-02
7.412035511111110531e-02
7.359934798039216575e-02
1.277373909230769267e-01
1.331389020626780606e-01
1.282322867012987144e-01
1.165445260000000094e-01
6.929287600000000324e-02
8.216900595721926548e-02
inf
inf
2.155476766666666877e-02
inf
inf
1.542619466666666703e-02
1.969464599999999621e-02
3.015179357142857425e-02
3.811429409523809514e-02
4.189643799999999418e-02
6.450407415584415161e-02
5.690001100000000034e-02
6.726686710256410406e-02
8.882274927272726384e-02
7.643427871493212178e-02
4.981271203174603146e-02
5.626519376190476651e-02
4.103066628571428592e-02
9.590803220261437390e-02
2.994294672402890711e-01
1.101981540869565179e-01
8.971910115654518902e-02
8.516402707843137576e-02
9.729846421428572922e-02
1.548607389900744369e-01
8.442859500000000905e-02
2.430476766666666427e-02
3.126786499999999192e-02
1.824107666666666822e-02
5.612874790909090639e-02
5.176588611111111043e-02
2.188691000000000247e-02
1.345858532932330820e-01
2.195522565527752712e-01
1.858383462894736549e-01
1.328592897324414879e-01
1.059873714347825957e-01
9.503722857142857250e-02
9.172305523076923484e-02
1.007187257647058909e-01
3.087942513119789623e-01
2.725651210212766129e-01
2.647047671422943504e-01
2.228814779664677614e-01
9.834972064052285856e-02
9.198573942857141139e-02
4.596251099999999756e-02
2.344941000000000386e-02
inf
1.386250366666666456e-02
2.176429200000000105e-02
2.398423300000000064e-02
3.478929514285714064e-02
5.514186223232323686e-02
8.748055630812325012e-02
1.158658273285024243e-01
9.772124572549020782e-02
9.684348569040249211e-02
1.260021499259259270e-01
1.029346507777777753e-01
8.442859500000000905e-02
6.315805352380951532e-02
4.274465228571427966e-02
1.130417321086956695e-01
1.128405987559808615e-01
1.403418063753829048e-01
1.138077237362637162e-01
1.041341324509803823e-01
1.085979108379446778e-01
7.501905600000000063e-02
3.484663588888888691e-02
3.663721233333333549e-02
1.250714600000000024e-02
2.250952800000000087e-02
1.667619466666666467e-02
4.139167400000000330e-02
6.353810676190477236e-02
4.196826444444444471e-02
4.592144114285713619e-02
6.003811200000000459e-02
5.187468946753246574e-02
7.480016400000000232e-02
6.482739666666667566e-02
3.811905809523809252e-02
3.939882000000000106e-02
5.732739666666666900e-02
9.428912823076922300e-02
1.920694332499999768e-01
1.341260190559006582e-01
9.311820381818181058e-02
7.608930666666667564e-02
7.016787600000000402e-02
4.355476766666666055e-02
6.254763999999999463e-03
2.532321900000000098e-02
9.380954999999999849e-03
8.754763999999999949e-03
1.146428833333333272e-02
3.015179357142857078e-02
3.841846233333333360e-02
5.306219415384615112e-02
2.506756633333333609e-02
3.921012899999999635e-02
6.577362630158729850e-02
4.733880277777777201e-02
7.090715699999999844e-02
5.182627729292929586e-02
5.852583936630037509e-02
5.365596599999999938e-02
9.028116216993464782e-02
1.134483217826086909e-01
1.771535684183296322e-01
6.216430300000000408e-02
6.306399827350427090e-02
6.707055299999999110e-02
6.175239771428572139e-02
2.793334066666666726e-02
7.504763999999999706e-03
2.110446900000000070e-02
2.050952800000000256e-02
1.829196899999999820e-02
4.238230371428571702e-02
5.952024699999999835e-02
6.157986867032966966e-02
3.452143800000000151e-02
4.946142077777777174e-02
5.852885718181818214e-02
3.841667714285714602e-02
4.318731153968254077e-02
4.169048666666666514e-02
4.012798666666667069e-02
2.901905600000000141e-02
5.266675053846153753e-02
9.097085900000000114e-02
1.516628163550724773e-01
1.288946790000000120e-01
7.080734276923077164e-02
8.676281700000000596e-02
8.869091960323888246e-02
6.908573104761904504e-02
inf
1.188214599999999968e-02
inf
1.250595500000000089e-02
2.820060099999999875e-02
4.592144114285715006e-02
5.581340699999999544e-02
5.837719877777777788e-02
6.712501833333332779e-02
2.642173299999999933e-02
4.939057045454545158e-02
5.884254818181819391e-02
5.099687509090908982e-02
6.601286069230768994e-02
3.768334328571428665e-02
5.210358557142857200e-02
6.191430299999999692e-02
1.211048912995951465e-01
2.082572010000000029e-01
2.583339187738845633e-01
6.579915872727272463e-02
7.453225224175824559e-02
4.249842422222221971e-02
6.671430666666666211e-03
inf
1.146428833333333272e-02
2.502382000000000044e-03
inf
2.178393433333333101e-02
6.908274699999999990e-02
5.445601335897436168e-02
4.904476470129870425e-02
8.205803785964911612e-02
4.945804933333333708e-02
6.166347725274724800e-02
6.122680299999999631e-02
3.536489090476190034e-02
8.281430876190476464e-02
7.891564699300698815e-02
1.485116815925925926e-01
1.175134216666666870e-01
1.873211395743243080e-01
2.260250231621621642e-01
1.557238529999999954e-01
1.822201671515151777e-01
2.235344008974359253e-01
1.638783377763157745e-01
5.222084800000000027e-02
8.754763999999999949e-03
1.209286133333333305e-02
inf
2.078958699999999826e-02
3.944286866666667224e-02
4.335953533333333082e-02
7.511174256410256544e-02
8.074141990430622196e-02
4.975368960606060820e-02
1.407143250000000012e-01
2.209170239999999896e-01
1.647982509950372265e-01
2.382722967171716777e-01
7.861262547058822658e-02
1.375133287326203435e-01
8.766260557013574872e-02
9.752784626315789962e-02
1.316081284541062990e-01
2.089869134315313071e-01
3.379375813221691116e-01
1.119205148798511351e-01
1.795762370550038345e-01
8.554525799999999902e-02
inf
1.641458699999999785e-02
inf
7.818455000000000196e-03
2.751310099999999814e-02
5.852093661616161735e-02
4.774182857142857117e-02
6.291689987878788803e-02
5.978762150427350403e-02
6.207230003418803821e-02
9.002775623529413185e-02
1.036935462121212070e-01
8.229049923809524103e-02
9.303046188311688003e-02
5.404337738383838130e-02
6.559366755555556816e-02
5.389445911111110515e-02
1.567214491538461707e-01
1.421195516956521854e-01
2.021621725454545437e-01
7.691787599999999614e-02
7.207263266666666390e-02
5.847323000000000104e-02
1.313333700000000014e-02
9.380954999999999849e-03
1.563095500000000193e-02
inf
2.026071899999999995e-02
3.621310519047619275e-02
4.127381999999999579e-02
5.656386590909091155e-02
6.538442972727272207e-02
5.031624790909090816e-02
5.565358399999999206e-02
7.453508536363637194e-02
1.045262177142857185e-01
4.906340700000000332e-02
1.050993742417582477e-01
6.421660849999999421e-02
7.146668342857143141e-02
9.380954999999999155e-02
1.048077350526315787e-01
1.418550015144855181e-01
1.018051538717948679e-01
6.566668500000000241e-02
8.812433225313281993e-02
2.850952799999999926e-02
inf
1.500952799999999941e-02
8.754763999999999949e-03
4.458989299999999850e-02
3.348899699999999258e-02
4.641943845454545026e-02
5.352054933333334069e-02
6.636855665775401314e-02
7.519838873684210612e-02
7.829398537556560289e-02
7.168305301398601725e-02
8.220447633333333171e-02
4.852815162337661969e-02
5.244776794805195569e-02
7.007364365934067030e-02
8.202370621052632038e-02
9.731571987878788466e-02
9.811431242857143742e-02
8.881180249624059941e-02
5.743037233333334046e-02
4.462256345454545386e-02
3.377143800000000085e-02
2.132560099999999959e-02
7.504763999999999706e-03
inf
1.980357666666666613e-02
3.670318455555555970e-02
4.158751099999999368e-02
4.358442606060605740e-02
4.682885561038961642e-02
4.805874377777777373e-02
8.716549400000001002e-02
5.956182890109890105e-02
5.102024699999999774e-02
8.655697898245615085e-02
4.207426800000000494e-02
7.580166825641027062e-02
5.557880254545455312e-02
9.889686483006536466e-02
9.380955000000000543e-02
1.348016825001296382e-01
1.295379700769230813e-01
1.104373815714285861e-01
6.382382628571428573e-02
1.375714599999999788e-02
8.599704999999999155e-03
2.713333699999999696e-02
2.013333700000000115e-02
inf
3.802887585714286034e-02
3.602461312698412854e-02
4.809676581818181362e-02
6.014910048717948821e-02
5.993710189898990293e-02
9.201192571428570832e-02
9.199004293406592980e-02
6.432144428571429096e-02
7.125927315151514563e-02
7.406521927472525801e-02
7.858811566666666637e-02
4.083969406349206854e-02
7.490189855639098337e-02
1.355527036002885932e-01
1.701958714798105232e-01
1.455478914789272160e-01
1.092700452822966684e-01
5.911733120779220918e-02
2.626667400000000374e-02
inf
inf
7.507145999999999264e-03
1.354762166666666559e-02
2.547381633333333298e-02
3.703304566666666686e-02
5.284346599999999866e-02
5.862352499999999578e-02
6.836554863636362667e-02
9.602508243850267633e-02
1.277910321497584545e-01
1.095337563492063404e-01
1.573425626086956686e-01
1.014362180247677936e-01
1.481906653333333324e-01
1.664845497528799623e-01
1.466845646666666836e-01
1.150333006645401224e-01
1.049026406350018065e-01
1.149015200476190546e-01
6.437003945454546072e-02
3.924376099999999506e-02
5.502382000000000106e-02
6.170601335897436812e-02
1.313333699999999840e-02
3.477143799999999479e-02
1.719941000000000178e-02
2.701429200000000225e-02
4.389643799999999596e-02
3.903542766666666386e-02
9.297711473684211470e-02
9.710240766666668188e-02
6.578835724786324946e-02
1.609995324910394043e-01
1.406157059170506929e-01
1.138498690909091060e-01
1.445359723673163566e-01
1.139730467777777811e-01
8.725940837254902993e-02
1.149937088038277544e-01
1.037897425900621007e-01
9.631485284210525299e-02
1.169255500745341736e-01
1.185663002222221984e-01
7.424902888888888774e-02
5.738334485714285255e-02
3.700298666666666791e-02
3.251548299999999780e-02
1.876071900000000209e-02
1.667619466666666814e-02
3.751071899999999099e-02
8.478348999999998914e-02
5.840804566666665809e-02
4.690477499999999578e-02
5.324041870707070523e-02
7.372948471428572570e-02
8.476986222222222811e-02
6.503811199999999515e-02
5.410886154545454380e-02
6.943464827272727291e-02
9.395252385620915525e-02
7.316073000000000714e-02
6.315300611965812827e-02
6.099965046153847659e-02
7.873092111111110181e-02
1.078595536666666771e-01
9.341892500000001376e-02
7.958127200000000845e-02
9.581847857142856972e-02
1.048800872857142963e-01
5.826955988888889160e-02
2.642173300000000280e-02
3.753572999999999632e-03
2.407441000000000442e-02
6.254763999999999463e-03
1.980357666666666960e-02
2.155476766666666877e-02
3.708969144444444060e-02
2.814286499999999955e-02
4.652858399999999783e-02
4.562808744444444425e-02
6.608094051515150946e-02
5.469789127272727675e-02
6.087144533333334329e-02
7.356192152380952587e-02
4.544921630158729742e-02
5.626519376190476651e-02
6.856040951515152138e-02
5.816192100000000531e-02
1.066033764825174840e-01
1.638253404426877613e-01
1.538476619999999961e-01
1.497237765034964974e-01
6.379049400000000314e-02
9.352803215686274207e-02
inf
8.754763999999999949e-03
4.314772977777778240e-02
3.685358033333333005e-02
1.500952800000000115e-02
2.714167399999999758e-02
3.380477028571428344e-02
3.483929357142857147e-02
4.204009088888888135e-02
5.628572999999999910e-02
3.908632000000000078e-02
8.404945897058822835e-02
3.980387900000000034e-02
5.967447563636364000e-02
6.676888123076923920e-02
9.558348378947367774e-02
9.661609500000001294e-02
9.635161453968252299e-02
1.762817822697768655e-01
7.665343733116883329e-02
8.726164455462186165e-02
7.625270004761904030e-02
3.752381999999999940e-02
1.235309153529411813e-01
2.908036500000000038e-02
2.700209014285714568e-02
2.751429199999999575e-02
1.667619466666666814e-02
1.605000366666666650e-02
6.145715542857142083e-02
3.559286657142857191e-02
4.631429828571428237e-02
4.752262899999999679e-02
6.431429828571427754e-02
4.923235488888889205e-02
8.764834698245614619e-02
5.451062072727273083e-02
9.079979721428571571e-02
7.131772666666666427e-02
6.556132733333333573e-02
9.645750672727271269e-02
7.474535511111110586e-02
7.317144900000001340e-02
1.371526829665551950e-01
1.319822045147300282e-01
1.539257413713527867e-01
1.264402131428571385e-01
9.851468836842106058e-02
4.672501257142857439e-02
5.859247655555555045e-02
4.429356311111111444e-02
3.165849000000000441e-02
inf
1.829196900000000167e-02
3.083274699999999716e-02
4.064286500000000024e-02
4.010313600000000450e-02
7.265240085714286256e-02
5.209584800000000016e-02
4.248334433333333243e-02
8.219555299999999065e-02
1.192257412850678683e-01
9.591208811779448895e-02
1.464967222727272533e-01
8.897621142857142784e-02
1.484880941001697763e-01
1.686729805681725924e-01
1.491919239740259751e-01
1.600821700132625813e-01
2.118572275977011476e-01
1.632560718333333494e-01
1.946658761969286278e-01
1.059590611866028792e-01
8.429466642857141867e-02
3.216087200000000007e-02
1.813214599999999829e-02
2.167857666666666433e-02
2.235923300000000266e-02
4.755342009090908484e-02
5.123244109090908938e-02
4.469525066666667212e-02
4.772625663636363702e-02
9.190817323076923284e-02
6.538910353968253875e-02
1.046378734210526434e-01
7.684169958974358672e-02
1.049720680106951964e-01
7.921430666666667841e-02
6.745864876190475756e-02
6.753811200000001125e-02
1.118573865454545457e-01
1.012156297894736684e-01
1.286408381899313558e-01
1.569769910257673429e-01
1.187652243875598201e-01
8.790200822222221655e-02
3.376429199999999436e-02
3.387858085714285511e-02
3.068096128571428521e-02
inf
4.727872599999999315e-02
3.917560571428571614e-02
4.486508984126984234e-02
6.145156261538461950e-02
8.871343127629234548e-02
4.890358399999999994e-02
1.883831959609650331e-01
1.923734691893810855e-01
1.092120631363636407e-01
9.068216800000000744e-02
1.037934825527279947e-01
7.296822456862744888e-02
5.524406333333332919e-02
7.105166825641025252e-02
7.616705287179488526e-02
7.604525800000000446e-02
1.388381340000000019e-01
9.999020633333333130e-02
7.019731219230769537e-02
2.814286499999999608e-02
2.980834066666666893e-02
2.542619466666666897e-02
4.417917871428571341e-02
2.032441000000000109e-02
5.015271924675325510e-02
2.520298300000000172e-02
3.868453428571428515e-02
7.986047422459893741e-02
7.477501885714285534e-02
8.053034517647059132e-02
7.875262250000000797e-02
9.077775623529413251e-02
4.392248228571429131e-02
9.922161973202614504e-02
1.033777026666666543e-01
1.896920922015652156e-01
9.682294285714285187e-02
6.810514654545454793e-02
9.096113677777778461e-02
1.436659741754122976e-01
2.731063099353358004e-01
1.621624049566184611e-01
1.117466832122762099e-01
5.517223688888889255e-02
2.636726766666666610e-02
4.048542399999999208e-02
1.896667033333333113e-02
inf
2.110446900000000070e-02
3.658393800000000334e-02
5.112590699999999821e-02
6.435180300000001297e-02
7.405195442857141763e-02
1.096122301428571477e-01
1.280476504761904888e-01
2.908657569311656754e-01
1.689135025695217007e-01
8.098752199999999235e-02
7.904085266968327583e-02
1.430746725618661508e-01
1.443633318888888906e-01
3.087133091363636339e-01
1.809365169230769399e-01
1.565699084999999935e-01
1.465146399867374161e-01
1.694096453571428684e-01
1.775456911441647412e-01
1.403014283143812768e-01
7.552840923076922786e-02
5.075945625974025849e-02
3.455149700000000046e-02
1.188214599999999968e-02
2.539167399999999603e-02
4.290576444444444554e-02
6.682620828571428362e-02
1.405937050780973196e-01
2.316368776153846232e-01
1.928660345744417359e-01
2.325973331683991729e-01
2.624676413002364206e-01
1.803013689382239604e-01
1.440544179035027905e-01
1.401745158333333463e-01
1.646162512337662476e-01
1.426981881105990890e-01
1.246619393333333325e-01
3.140683162640528492e-01
1.186687829999999999e-01
2.267075118282828039e-01
1.997399184960254592e-01
1.647500015826001973e-01
9.145984499999999795e-02
8.022978180952379523e-02
3.549524647619047707e-02
3.621310519047618581e-02
2.371339966666666937e-02
3.960715333333333921e-02
6.190358399999999761e-02
5.502919711965811866e-02
1.087771089999999968e-01
1.695893436436781143e-01
1.909013009846390052e-01
2.122790760000000387e-01
2.036640611260504552e-01
1.400228459627329003e-01
1.426959469025487204e-01
1.550722737084826719e-01
1.064782206315789403e-01
1.460874497928692506e-01
1.704715978193760140e-01
1.793931235385224920e-01
1.329239570445344132e-01
2.071868708058608455e-01
1.476696677323775242e-01
1.465306135172413926e-01
1.557924707248677376e-01
6.203811199999999942e-02
5.168275171428571291e-02
3.960715333333333921e-02
2.063810099999999897e-02
3.001905599999999882e-02
3.587962199999999990e-02
6.574843761538461118e-02
8.916482070213996303e-02
1.255828455000000121e-01
2.060380221951219337e-01
3.525439459038906542e-01
2.165276348350071711e-01
2.050217028458732327e-01
1.129388414862027151e-01
1.528466650993788867e-01
1.135607425714285634e-01
1.617611812365591373e-01
1.932283615862068760e-01
1.820807375925926064e-01
1.198098191842105475e-01
1.499732640848806531e-01
1.489839435486542407e-01
8.255240400000000978e-02
9.232607556302521723e-02
3.705268800000000029e-02
3.251905599999999757e-02
4.783274700000000185e-02
2.519286342857142771e-02
3.751905599999999508e-02
5.265001361904761423e-02
9.623646207692307386e-02
9.619050238095236405e-02
1.083952653333333377e-01
1.171877903675213883e-01
2.112693356359436614e-01
2.349791488927738814e-01
2.158488693385491319e-01
8.928530030827067088e-02
1.134047933333333369e-01
1.056500293333333257e-01
1.364006870649350778e-01
1.070794416218487505e-01
1.521157017692307822e-01
1.818043029159663870e-01
1.185567541176470729e-01
7.656303104977375817e-02
9.572150366433565538e-02
5.199286971428571102e-02
5.348347426262625715e-02
1.192722115652173898e-01
3.713810099999999975e-02
5.218052890909091052e-02
2.407560099999999509e-02
4.505745199999999784e-02
5.454971442857141362e-02
1.256821373679653520e-01
1.467067868888888849e-01
1.823460988475073541e-01
1.571548874827586317e-01
1.833054337181325433e-01
1.714034600229885075e-01
1.374668138884381219e-01
1.186711977692307685e-01
1.080224324545454584e-01
1.204018181904761980e-01
1.432204692094376508e-01
1.175437830000000128e-01
1.223217331818181874e-01
1.470704324749455560e-01
1.204425243663003603e-01
9.715776428571429313e-02
6.316430300000000497e-02
8.901321195604396108e-02
4.360874220634921444e-02
4.839287023809523552e-02
3.068096128571428521e-02
4.252143799999999474e-02
3.852501099999999790e-02
6.965624648717949619e-02
1.101872452832080296e-01
8.626828588721803526e-02
1.032133987352941151e-01
7.639755194117646420e-02
1.279701821391941441e-01
1.228571742857142851e-01
1.562501211159420533e-01
9.033202545112781201e-02
8.965180928571428454e-02
8.742108977192981911e-02
9.689325204812834769e-02
1.788743057142857251e-01
1.724301277958079914e-01
1.027506229999999993e-01
1.417391158131868223e-01
1.009518030629370788e-01
7.942813349197860862e-02
4.212560728571428798e-02
2.748572109523809287e-02
1.386250366666666456e-02
1.876190999999999970e-02
2.439048300000000100e-02
4.395100411111112215e-02
5.046235180519480223e-02
8.638335533333334204e-02
1.064533036666666793e-01
1.445523996638176656e-01
1.082436811746031735e-01
1.052333626666666772e-01
8.757719496358543076e-02
8.135062928744939137e-02
7.052779611111111013e-02
8.067502200000001289e-02
1.646948080669975167e-01
1.208299669137336274e-01
1.594898528723505682e-01
1.261981491336898464e-01
7.880002200000001122e-02
1.396428743971291631e-01
7.280213081818182053e-02
6.760813469264069508e-02
1.922946899999999903e-02
2.016696899999999640e-02
inf
2.063810099999999897e-02
7.501905600000000063e-02
5.145794855555555630e-02
7.319307022222222570e-02
5.783637830303030303e-02
1.047285986666666585e-01
9.589288333333334524e-02
9.848752199999999402e-02
1.004763705026738008e-01
6.457808141258741808e-02
4.827858399999999939e-02
7.054287600000000436e-02
9.236486030769230915e-02
4.846440755844156484e-02
1.708599104771968968e-01
1.536667085714285563e-01
2.300653787263426953e-01
1.127855635072463614e-01
6.531946277777778143e-02
3.752143799999999724e-02
3.813691000000000303e-02
2.292857666666666544e-02
inf
2.121101766666666499e-02
3.079911500000000191e-02
7.287619885714285983e-02
4.560655914285714069e-02
5.751062072727272656e-02
6.852258777777778254e-02
8.499211092997199790e-02
6.542272738461539505e-02
7.664223759340658970e-02
7.466815952631578046e-02
8.189235154545454476e-02
1.016121081176470653e-01
8.371592531674208748e-02
1.488155050000000146e-01
1.280437829999999944e-01
1.622990455770308427e-01
1.140239439482401557e-01
1.552058459999999807e-01
1.159605478253968314e-01
6.851271622222221414e-02
2.451429200000000003e-02
inf
1.897024333333333437e-02
2.188333699999999923e-02
1.792619466666666578e-02
1.500952800000000115e-02
4.814643799999999974e-02
3.607173614285713592e-02
4.099604222222222316e-02
4.902858400000000005e-02
6.840106000000001352e-02
5.390606677777777522e-02
9.816500804347824682e-02
6.417685763636364615e-02
7.607982968181818684e-02
8.919060327272726463e-02
9.468475694117646502e-02
6.363908446153845877e-02
7.823819944055944442e-02
1.010789898730650171e-01
1.417901820351588904e-01
1.267153902683632316e-01
1.840407236818181747e-01
1.132637650732600670e-01
8.215954685714285666e-02
1.500952800000000115e-02
1.563214599999999954e-02
1.406845500000000054e-02
1.125714600000000086e-02
inf
2.912143485714285482e-02
3.001905600000000229e-02
5.497144219047619268e-02
4.815001099999999257e-02
4.927977238095238716e-02
5.601062072727273217e-02
6.070477866666666722e-02
1.195027229360269283e-01
6.260910557575757873e-02
6.897469418181817469e-02
8.032838866310160197e-02
7.357323471428571515e-02
7.692174609523810824e-02
3.303363985714286022e-02
1.478727083262599551e-01
1.158625702579185457e-01
1.132722175757575611e-01
6.203930300000000397e-02
7.718573314285714915e-02
inf
1.125714599999999913e-02
2.167857666666666433e-02
2.532679199999999728e-02
1.876190999999999970e-02
3.614524699999999841e-02
4.015913588888889163e-02
3.545893799999999541e-02
5.201653199999999033e-02
6.569754528205129507e-02
5.238215647619047510e-02
2.105626920287356207e-01
2.077885972284397309e-01
9.030603677828054343e-02
8.041494754248364185e-02
9.148444187044535436e-02
6.549841576923076669e-02
1.113068230980392009e-01
9.800861549392711480e-02
6.040174836363636224e-02
1.082336478695652138e-01
1.329683925217391427e-01
1.012134748411413210e-01
2.970536500000000441e-02
2.918334066666666837e-02
inf
inf
1.688571900000000042e-02
3.714643799999999690e-02
4.700536866666666508e-02
4.340908942857142627e-02
6.860104175757576750e-02
5.434525119047618757e-02
6.191430300000000386e-02
8.855002200000000601e-02
7.333097228571427983e-02
6.485090909523809344e-02
5.845548160606060806e-02
8.094526114285713336e-02
1.136372842352941087e-01
4.677456666666666985e-02
7.303801122222222664e-02
9.516763456862745163e-02
1.310019306060606070e-01
1.022563764444444495e-01
6.489507223076923514e-02
4.062144009523809690e-02
2.713333699999999349e-02
1.750952799999999990e-02
inf
inf
1.417619466666666765e-02
2.777589966666666951e-02
3.376905599999999869e-02
3.738750942857142767e-02
2.635715071428571671e-02
5.777050685858586138e-02
3.251905599999999757e-02
8.663335533333332839e-02
7.096309016783215740e-02
5.884983256410256103e-02
9.196192990476191598e-02
6.707055299999999110e-02
6.029023539393939257e-02
1.060421137737556641e-01
1.621831624545454487e-01
1.224377840086188218e-01
7.861954071657753507e-02
8.930678996491227262e-02
3.015179357142857078e-02
1.375714599999999961e-02
8.338097333333334069e-03
inf
inf
inf
2.829911499999999969e-02
3.881429566666666497e-02
5.865834800000000598e-02
5.168275171428571291e-02
4.878096599999999505e-02
7.491776987012987998e-02
5.044289781818181440e-02
9.060670360371517185e-02
8.118400363636363304e-02
8.208833054545454366e-02
6.754287600000000169e-02
1.284047243529411741e-01
1.049750267142857130e-01
1.090846280714285743e-01
1.769547488667712054e-01
2.881566348363903129e-01
1.354645398787878707e-01
7.958127200000000845e-02
6.099770795959597036e-02
4.802143799999999962e-02
2.363571899999999948e-02
1.584286133333333291e-02
1.928274333333333118e-02
3.283036500000000024e-02
2.155476766666666530e-02
3.940001099999999867e-02
7.890394463636363209e-02
6.674002415384615305e-02
8.549993094871793931e-02
9.581855350000001437e-02
5.801514069696969700e-02
8.729604005494505381e-02
1.158823748993257630e-01
9.270275361538460324e-02
1.291874388490101555e-01
7.016787600000000402e-02
1.240762239999999850e-01
1.488175738484848465e-01
1.417002511274509935e-01
1.891864089959614803e-01
1.050301149473684276e-01
1.301817779841270006e-01
6.870196690909090298e-02
2.751429199999999922e-02
1.500952799999999941e-02
